2 2 0
2 5 0
2 6 0
3 2 1
3 3 1
3 4 1
3 5 1
3 6 1
3 7 1
4 2 1
4 3 0
4 4 0
4 5 1
4 6 0
4 7 0
5 2 1
5 3 0
5 4 0
5 5 1
5 6 0
5 7 0
6 2 0
6 3 1
6 4 1
6 5 0
6 6 0
6 7 0
7 2 0
7 3 0
7 4 0
7 5 0
7 6 0
7 7 0
8 2 0
8 3 1
8 4 1
8 5 1
8 6 1
8 7 0
9 2 1
9 3 0
9 4 0
9 5 0
9 6 0
9 7 1
10 2 1
10 3 0
10 4 0
10 5 0
10 6 0
10 7 1
11 2 0
11 3 1
11 4 0
11 5 0
11 6 1
11 7 0
12 2 0
12 3 0
12 4 0
12 5 0
12 6 0
12 7 0
13 2 1
13 3 1
13 4 1
13 5 1
13 6 1
13 7 1
14 2 0
14 3 0
14 4 1
14 5 0
14 6 0
14 7 0
15 2 0
15 3 1
15 4 0
15 5 1
15 6 1
15 7 0
16 2 1
16 3 0
16 4 0
16 5 0
16 6 0
16 7 1
17 2 0
17 3 0
17 4 0
17 5 0
17 6 0
17 7 0
18 2 1
18 3 1
18 4 1
18 5 1
18 6 1
18 7 1
19 2 1
19 3 0
19 4 0
19 5 1
19 6 0
19 7 0
20 2 1
20 3 0
20 4 0
20 5 1
20 6 1
20 7 0
21 2 0
21 3 1
21 4 1
21 5 0
21 6 0
21 7 1
22 2 0
22 3 0
22 4 0
22 5 0
22 6 0
22 7 0
23 2 1
23 3 1
23 4 1
23 5 1
23 6 1
23 7 1
24 2 0
24 3 0
24 4 0
24 5 0
24 6 0
24 7 1
25 2 0
25 3 0
25 4 0
25 5 0
25 6 0
25 7 1
26 2 0
26 3 0
26 4 0
26 5 0
26 6 0
26 7 1
27 2 0
27 3 0
27 4 0
27 5 0
27 6 0
27 7 0
28 2 1
28 3 1
28 4 1
28 5 1
28 6 1
28 7 1
29 2 1
29 3 0
29 4 0
29 5 1
29 6 0
29 7 0
30 2 1
30 3 0
30 4 0
30 5 1
30 6 0
30 7 0
31 2 0
31 3 1
31 4 1
31 5 0
31 6 0
31 7 0
32 2 0
32 3 0
32 4 0
32 5 0
32 6 0
32 7 0
33 2 1
33 3 1
33 4 1
33 5 1
33 6 1
33 7 0
34 2 0
34 3 0
34 4 0
34 5 0
34 6 0
34 7 1
35 2 0
35 3 0
35 4 0
35 5 0
35 6 0
35 7 1
36 2 1
36 3 1
36 4 1
36 5 1
36 6 1
36 7 0
37 2 0
37 3 0
37 4 0
37 5 0
37 6 0
37 7 0
38 2 1
38 3 1
38 4 1
38 5 1
38 6 1
38 7 1
39 2 0
39 3 0
39 4 1
39 5 0
39 6 0
39 7 0
40 2 0
40 3 1
40 4 0
40 5 1
40 6 1
40 7 0
41 2 1
41 3 0
41 4 0
41 5 0
41 6 0
41 7 1
42 2 0
42 3 0
42 4 0
42 5 0
42 6 0
42 7 0
43 2 0
43 3 0
43 4 0
43 5 0
44 3 0
44 4 0
